100 1000
76 89
60 82
78 75
63 28
63 6
66 43
13 23
93 74
53 55
89 91
48 15
67 49
89 12
65 64
63 16
91 90
49 94
94 57
89 57
56 61
19 40
81 57
92 4
44 65
78 54
95 13
97 27
85 25
55 91
72 43
17 64
31 94
56 28
71 68
89 41
94 16
72 90
44 90
20 51
78 77
30 91
30 5
33 18
93 46
32 10
59 38
2 96
85 84
77 87
98 50
66 84
92 32
55 96
56 55
77 80
53 10
45 90
13 61
59 18
5 18
76 96
55 50
72 28
54 90
52 7
28 18
66 59
44 72
75 26
3 63
2 5
51 94
100 96
97 96
70 74
44 68
60 93
45 15
79 85
79 16
21 45
70 4
13 52
46 13
66 29
3 30
73 10
25 45
11 95
82 70
56 16
21 31
71 32
34 2
70 61
40 47
55 28
36 90
95 89
41 7
53 33
87 40
21 20
21 41
21 15
56 36
42 29
42 60
95 10
67 15
28 47
77 25
21 24
83 91
85 2
44 99
36 7
42 22
29 4
85 72
21 6
41 38
70 18
72 94
44 2
22 62
78 20
65 99
28 15
74 94
74 64
93 26
78 79
82 10
33 91
65 51
9 69
82 8
40 90
37 66
100 29
8 94
78 70
98 28
87 50
77 13
97 90
49 40
81 91
76 31
79 95
29 72
69 52
81 88
85 49
97 15
71 45
19 47
71 86
8 51
68 5
79 41
30 4
83 52
57 90
28 62
54 72
1 69
42 89
78 96
60 91
39 24
13 32
12 71
2 12
34 52
67 18
78 82
65 18
34 20
4 15
46 15
85 95
78 65
40 72
2 18
98 75
76 84
71 15
82 15
56 5
55 40
44 57
81 70
8 72
34 18
85 7
3 67
56 6
19 60
69 14
11 62
44 26
45 91
93 97
71 20
2 54
11 8
92 16
33 50
74 4
72 18
33 40
98 4
51 69
53 37
82 51
100 17
67 54
40 61
40 62
31 51
93 12
79 7
53 59
55 80
66 45
3 95
63 31
5 32
17 5
72 91
63 80
76 87
61 45
71 38
64 15
12 18
95 39
27 16
49 13
87 16
30 50
76 55
95 51
6 14
50 16
100 51
56 27
34 11
56 48
22 40
56 70
65 80
29 26
66 73
49 8
60 16
95 23
20 57
1 96
94 73
90 16
19 89
20 50
95 22
97 16
74 18
98 63
75 49
54 32
42 64
79 72
39 68
86 64
93 59
59 2
1 73
66 36
11 28
92 14
72 52
63 75
97 31
50 58
93 18
89 87
44 98
84 7
21 89
31 49
1 90
54 94
19 86
62 15
74 13
19 6
21 61
80 47
42 34
76 29
81 18
35 14
100 62
55 51
22 5
40 10
75 52
19 18
12 26
42 20
1 15
18 62
11 27
9 32
93 85
45 88
77 5
83 55
35 30
70 72
85 51
66 13
21 22
37 92
57 27
77 47
2 58
19 3
83 100
94 80
46 87
25 26
11 29
89 7
35 71
67 62
64 88
83 47
100 9
36 73
3 15
35 55
19 77
41 30
56 92
24 45
40 50
98 59
21 86
77 91
77 48
46 10
46 5
6 18
9 59
56 86
69 15
36 62
11 20
91 18
93 41
60 61
53 48
67 24
81 10
30 96
81 32
55 94
42 37
24 58
85 87
6 16
90 88
44 49
40 28
14 27
94 88
81 52
72 45
13 10
78 81
71 52
76 64
65 27
67 57
19 87
100 4
67 61
9 18
81 20
21 2
76 18
19 53
9 24
79 33
63 35
57 7
93 25
28 64
9 57
78 49
56 14
25 16
79 12
60 47
56 12
68 91
35 2
63 10
95 24
97 41
81 74
11 80
66 5
14 47
42 91
95 12
26 62
14 16
34 75
6 35
53 13
63 9
69 28
41 16
41 91
56 10
100 44
38 5
94 7
61 57
35 43
56 2
23 48
100 34
74 73
82 77
94 86
83 44
76 17
25 38
29 39
78 58
78 24
48 43
28 94
44 36
86 52
19 41
23 52
13 15
74 14
46 29
3 49
72 26
38 43
12 80
99 62
78 80
93 35
49 68
83 78
52 62
98 52
79 66
11 74
53 51
31 9
69 27
31 16
59 36
57 73
23 57
74 69
63 50
83 94
41 54
60 24
33 88
82 55
56 13
98 92
63 71
68 15
67 98
20 16
100 66
1 37
29 49
6 36
39 57
78 2
97 28
78 37
53 57
67 72
59 17
9 6
81 40
35 26
85 32
22 54
33 69
79 75
30 28
51 84
98 99
54 5
9 86
53 9
60 45
10 4
56 34
76 99
2 45
79 63
87 55
40 15
13 24
79 65
11 22
75 51
94 84
46 69
40 39
63 97
46 23
14 91
70 12
21 8
60 57
23 91
56 72
70 16
89 16
95 5
31 62
21 91
66 86
82 30
39 84
13 16
93 27
66 17
19 58
21 72
73 5
24 84
71 69
22 70
3 42
99 59
92 20
21 84
1 88
79 80
24 88
91 88
1 87
17 84
76 74
54 68
37 88
95 50
92 7
38 96
34 47
22 55
83 87
99 8
57 36
74 88
44 18
7 4
100 10
83 32
31 61
2 61
65 25
83 69
99 13
1 94
78 48
24 96
59 72
83 22
87 27
65 13
100 75
34 82
6 5
63 49
42 71
65 39
34 68
31 71
99 58
48 28
33 57
31 96
48 50
78 14
77 74
3 51
77 50
11 15
82 80
43 47
29 6
23 80
24 7
46 64
54 71
33 4
1 44
6 28
30 20
25 74
96 10
67 46
92 99
66 40
46 68
67 28
51 27
81 2
53 85
37 18
82 54
77 7
71 30
59 4
14 5
56 82
25 94
83 12
12 10
19 80
1 23
77 26
29 69
37 47
74 30
46 33
6 27
1 64
6 8
11 30
53 74
60 33
13 91
31 39
51 15
75 43
47 62
75 64
31 95
61 16
56 44
35 72
60 63
97 36
92 94
22 48
100 57
92 72
92 27
22 58
20 14
22 27
55 39
22 8
41 29
76 56
11 77
56 75
11 87
67 58
98 48
25 88
6 10
42 40
70 35
78 99
59 23
42 2
95 80
35 62
42 30
22 52
70 23
76 82
78 74
54 51
81 37
54 4
55 90
100 7
2 23
65 30
100 86
49 61
65 8
100 11
53 77
34 99
93 90
25 7
53 22
53 87
39 69
25 71
63 29
78 21
76 88
60 39
95 91
82 90
10 47
41 61
97 71
61 48
2 38
3 94
64 91
9 13
39 51
81 63
3 82
43 4
34 41
40 26
44 39
42 36
41 26
28 90
33 74
93 33
68 84
95 40
19 5
36 16
98 51
82 4
79 24
81 56
99 33
98 91
85 74
37 91
38 16
95 28
46 34
79 91
69 5
21 99
6 30
93 22
37 99
24 64
42 78
1 80
39 64
63 25
21 7
100 61
92 26
19 52
25 58
42 26
78 27
46 61
45 96
92 74
83 57
23 69
11 55
71 88
71 24
82 96
43 36
46 28
87 28
74 58
40 86
66 48
1 29
26 10
60 14
24 90
5 90
6 68
100 52
12 69
86 90
25 12
5 4
93 72
22 7
81 65
92 54
84 15
33 47
51 91
33 55
48 20
49 72
38 50
9 72
63 87
29 5
41 48
2 69
31 23
99 91
63 58
29 50
20 84
68 7
77 45
98 7
76 62
54 12
45 43
67 7
76 32
44 25
1 58
33 10
53 43
52 15
82 41
42 4
37 41
60 94
2 50
70 64
8 26
75 33
13 7
32 15
28 16
87 38
37 27
37 33
75 25
82 49
77 33
65 15
60 44
19 55
100 33
49 90
53 17
91 62
76 66
11 40
77 75
25 30
63 94
46 26
1 35
29 80
41 90
86 73
65 84
97 50
12 55
93 32
79 84
86 10
3 18
64 47
25 55
19 74
21 12
91 47
75 86
75 99
61 36
9 61
67 23
53 7
12 32
67 34
29 91
33 68
63 32
63 74
36 88
66 72
95 35
81 47
12 90
75 88
63 51
76 79
56 57
81 21
6 39
46 9
20 80
92 95
11 14
71 58
23 88
21 97
1 68
21 65
36 96
56 65
46 39
85 47
60 69
7 18
98 45
12 94
87 30
82 87
99 47
76 43
60 58
92 10
48 94
93 15
19 17
89 36
3 85
89 86
70 8
24 57
65 50
56 26
93 98
97 86
19 81
21 98
98 96
79 99
1 59
78 87
8 64
95 58
87 7
3 29
40 43
1 7
75 84
78 89
82 66
1 66
55 16
79 25
49 6
79 11
60 49
61 23
29 59
32 4
31 54
100 68
78 53
6 26
83 59
77 62
30 62
67 29
81 53
42 86
2 32
30 24
29 24
37 55
12 4
94 36
78 98
41 58
54 24
81 8
34 66
2 20
92 91
31 87
93 51
99 72
48 62
60 98
74 51
67 91
54 91
89 54
56 41
85 54
54 17
87 62
19 36
48 36
26 32
100 85
