100 1000
11 56
50 24
20 42
36 56
85 37
29 51
5 99
45 32
41 6
77 88
75 96
80 48
62 86
64 82
56 35
64 95
94 82
98 62
33 40
52 79
75 24
82 28
89 19
98 89
5 52
5 18
77 29
55 21
8 70
61 4
50 78
22 35
77 59
93 58
86 78
25 96
25 27
81 38
87 47
65 4
98 52
63 51
92 93
90 19
60 22
94 68
75 73
25 10
89 81
54 87
92 82
92 69
86 29
16 95
97 89
31 7
6 4
77 89
63 56
72 93
21 3
49 93
26 29
92 71
8 55
24 26
3 25
8 83
50 60
98 41
69 82
23 53
7 81
62 93
6 27
18 7
18 100
34 35
31 57
23 70
63 82
89 47
62 64
10 68
83 23
80 19
14 84
69 62
6 2
21 2
21 95
82 58
87 70
97 19
50 95
43 21
39 55
22 68
55 70
8 96
77 87
88 40
71 10
49 97
41 28
74 32
12 96
47 22
80 6
34 40
67 6
66 6
72 24
66 41
28 51
78 35
91 52
49 17
16 6
92 84
60 40
77 12
23 99
22 40
31 79
97 91
69 94
99 14
46 7
87 22
78 99
61 56
8 18
49 68
13 94
21 9
76 83
76 7
62 24
34 7
79 58
12 38
63 19
85 88
39 21
1 2
53 93
89 35
61 84
36 57
43 14
49 48
21 44
39 35
72 100
67 89
43 13
54 2
39 6
94 48
21 61
13 40
74 65
79 35
11 14
46 81
77 96
43 71
62 58
48 32
98 77
77 35
25 63
67 32
47 61
61 51
6 96
89 96
64 47
1 85
92 70
69 80
48 18
17 44
91 78
92 73
98 38
72 22
20 79
63 78
75 11
39 63
89 95
31 17
31 16
89 33
30 5
94 32
30 75
73 44
85 36
80 49
69 16
29 14
15 38
37 26
46 31
7 14
86 73
21 91
90 14
91 81
96 45
71 48
88 53
99 68
30 77
66 60
54 84
88 36
60 44
67 96
76 9
43 96
24 68
55 72
55 80
47 70
93 48
16 60
9 47
77 65
26 44
59 51
53 100
11 40
69 22
97 16
72 91
18 95
1 49
41 2
67 74
9 41
46 83
88 10
49 4
12 45
98 37
3 24
63 4
92 49
49 33
85 22
5 90
80 29
16 35
63 28
78 40
69 26
8 20
2 42
51 58
90 96
76 82
66 97
12 42
82 38
34 99
23 44
46 26
17 36
1 60
8 9
29 35
55 76
76 88
66 4
90 80
26 36
41 42
2 52
15 33
2 81
62 9
13 29
56 14
43 47
54 100
28 56
46 65
43 27
18 81
27 35
62 100
89 20
7 84
6 59
43 91
1 52
80 38
30 65
80 65
45 35
76 100
66 89
20 17
41 11
62 95
67 12
43 29
48 100
39 51
9 71
87 93
30 100
9 35
62 49
67 99
47 14
52 74
65 57
94 42
80 79
77 53
47 2
77 67
25 95
80 20
85 41
86 94
76 51
75 51
63 93
55 89
91 36
97 2
78 65
49 45
71 84
86 16
78 42
80 83
50 83
79 42
48 35
80 12
22 26
16 19
45 95
98 72
88 42
54 64
20 40
72 96
55 9
20 6
30 17
74 44
52 95
69 95
96 84
31 81
5 50
34 4
24 91
8 65
8 47
76 56
82 95
5 66
87 20
89 99
62 48
80 18
96 7
61 26
92 87
13 57
46 78
28 4
77 79
23 71
10 59
29 84
82 34
88 91
45 36
67 91
15 94
55 99
83 59
21 4
46 52
43 80
5 14
46 38
54 41
69 52
11 100
2 84
8 85
37 93
21 19
39 70
23 2
52 73
23 28
80 13
54 95
75 89
92 27
59 38
74 42
15 64
49 58
70 40
88 89
97 65
46 84
1 33
15 56
87 82
83 100
12 17
23 31
89 57
39 62
55 53
66 49
10 22
89 28
11 68
13 74
53 10
25 19
92 51
90 32
55 3
54 34
1 41
18 56
33 14
67 60
62 18
80 68
71 4
93 10
94 52
85 9
66 96
16 4
85 47
60 38
4 32
34 44
89 68
83 94
33 10
55 63
67 2
51 35
72 61
53 18
34 73
12 65
98 84
62 74
33 44
6 100
75 25
49 44
46 14
94 10
46 58
21 82
93 81
9 53
2 73
76 78
22 56
83 18
9 37
41 36
16 22
75 62
91 40
67 4
77 60
9 11
52 44
98 18
28 44
87 49
44 42
76 17
90 49
54 89
33 35
5 71
53 19
1 50
49 86
55 15
76 41
90 74
74 18
48 17
88 29
15 100
20 19
72 4
69 17
85 80
75 6
25 58
6 70
24 70
76 59
75 72
52 10
43 37
1 68
91 27
4 40
55 94
28 65
55 97
96 51
53 38
39 54
39 19
77 33
17 95
23 18
66 74
88 18
36 40
64 24
24 65
1 86
24 18
33 22
37 96
76 89
3 95
96 59
50 58
6 26
54 76
85 65
62 52
9 51
9 70
6 19
25 73
43 81
52 58
87 100
25 100
86 10
63 22
75 81
54 53
43 24
15 74
21 59
64 58
39 99
54 61
85 86
21 36
25 13
8 7
50 49
19 95
30 28
21 88
91 84
89 16
30 12
1 87
87 76
92 85
86 36
61 27
52 27
82 44
80 51
53 51
63 33
15 18
71 82
92 34
82 6
34 51
85 79
86 33
69 31
85 98
75 82
75 98
3 22
90 73
28 100
43 60
24 28
98 86
11 35
43 32
90 44
62 57
57 100
82 11
92 48
62 71
53 70
57 32
77 97
83 81
30 31
1 70
2 26
17 79
69 67
49 41
74 95
93 79
43 77
15 24
93 19
83 11
67 76
63 40
8 86
52 60
15 42
16 70
30 54
1 61
99 42
9 100
30 70
66 84
76 42
39 38
31 60
39 48
41 40
73 70
8 5
9 95
6 34
77 2
73 68
69 59
63 73
8 15
6 17
10 26
25 33
20 58
7 70
1 84
97 99
13 93
18 70
66 14
39 57
87 17
39 44
10 74
1 72
57 7
5 16
19 73
22 51
31 33
50 61
47 86
72 78
83 24
85 48
89 58
64 71
72 2
30 48
41 35
46 35
83 34
82 61
47 17
19 59
72 73
87 13
95 51
1 76
66 27
2 95
60 56
72 25
5 93
17 73
3 4
24 32
81 35
15 34
3 14
25 56
54 63
55 58
30 57
3 64
21 24
12 10
82 22
43 76
8 77
57 29
29 70
44 58
87 51
46 6
10 19
30 22
67 14
88 35
22 36
29 4
55 100
43 26
5 82
51 70
3 35
9 44
83 22
49 78
64 60
55 78
46 12
43 45
80 33
72 99
80 78
39 89
62 19
11 32
85 64
76 81
55 95
92 66
89 11
68 56
75 55
46 68
8 40
55 77
85 90
50 3
43 63
6 56
88 51
77 13
80 23
28 38
30 95
46 27
1 25
97 79
92 25
46 100
47 7
61 65
92 99
25 29
49 51
1 19
19 70
30 6
91 38
48 42
17 4
76 18
97 28
22 44
61 19
65 40
48 56
65 99
15 51
92 36
36 34
18 32
41 29
55 96
25 16
31 100
78 38
72 14
89 12
3 29
27 40
53 16
94 19
3 41
43 68
1 67
19 79
65 73
30 72
46 53
54 93
81 84
87 65
24 95
83 51
77 28
83 65
76 36
5 69
5 62
67 47
11 58
76 10
41 74
53 48
30 89
98 36
96 17
80 62
71 73
1 23
91 93
94 22
5 87
45 51
94 71
50 10
21 47
51 42
46 33
82 60
69 70
82 35
86 4
73 40
92 67
67 71
37 2
78 79
93 6
23 84
100 32
39 76
39 71
9 79
92 74
53 59
28 32
21 14
16 32
94 31
7 58
72 38
94 24
62 26
88 79
94 93
49 82
9 22
79 7
62 12
37 70
98 65
93 32
16 58
55 48
48 45
6 65
43 88
92 16
69 58
43 66
18 42
39 46
46 63
66 44
90 86
92 47
93 42
91 51
63 79
39 88
66 73
60 79
72 34
97 36
23 40
79 14
55 79
54 15
1 51
69 25
55 59
8 76
83 19
66 88
47 31
76 97
55 19
83 61
41 60
13 48
2 29
94 78
100 58
75 34
3 78
11 61
82 100
9 40
1 42
25 86
49 38
88 44
55 71
9 36
15 40
97 88
24 38
39 53
59 29
45 44
37 19
67 29
75 38
69 64
49 95
25 47
25 83
34 84
30 78
33 28
25 41
50 65
23 78
74 84
46 87
43 62
97 20
53 65
1 59
72 97
83 49
54 83
92 22
91 4
63 38
77 76
23 24
30 83
74 34
59 57
64 26
37 4
80 44
75 61
30 51
98 29
90 63
56 51
50 88
45 99
47 100
59 100
61 17
3 16
32 40
83 17
9 38
75 76
49 81
88 47
64 65
94 95
93 52
31 58
22 7
27 56
30 26
12 84
16 96
41 94
5 79
76 12
66 34
92 78
93 73
1 82
53 60
