100 1000
50 11
94 32
53 65
21 9
75 41
50 36
55 53
68 82
69 96
35 91
47 54
95 9
83 44
64 42
25 43
72 4
96 36
46 70
73 41
41 70
73 54
89 19
62 77
71 1
36 54
67 95
21 84
89 68
94 30
82 36
82 30
82 52
4 47
34 11
56 36
23 65
11 63
89 54
36 11
96 25
73 100
6 7
24 53
50 67
3 88
82 33
71 79
68 15
97 60
91 23
93 27
97 39
71 66
76 93
12 85
41 9
73 12
87 12
74 3
9 28
26 38
21 93
76 68
96 17
98 44
91 86
34 24
40 63
58 46
18 66
25 100
36 20
85 47
13 20
6 65
36 32
41 43
13 34
60 79
93 43
58 51
48 96
25 95
79 44
45 23
50 20
49 35
46 9
40 31
48 38
2 69
67 34
39 7
49 22
97 35
96 7
61 5
83 20
44 92
37 58
80 36
49 5
81 88
58 88
89 35
2 22
69 46
2 90
55 25
5 39
47 33
39 65
35 38
76 66
74 98
6 19
22 51
50 32
70 52
34 23
100 39
10 43
88 51
55 12
72 3
21 18
64 28
82 53
98 4
9 92
49 98
76 36
74 89
12 54
65 38
7 54
7 43
37 4
48 98
56 41
96 12
25 53
71 41
89 29
37 5
38 92
44 95
79 39
97 23
4 9
90 29
67 36
62 75
84 81
26 66
57 12
48 9
98 86
71 45
88 31
15 6
61 6
18 85
80 95
61 27
81 32
45 41
21 20
84 39
78 91
67 41
62 36
29 14
96 23
93 85
94 92
59 14
72 81
3 38
15 32
76 48
82 51
10 52
72 23
21 75
4 10
4 55
95 33
84 59
88 6
99 81
27 33
100 70
3 28
81 92
60 31
26 12
4 46
21 79
56 1
35 41
72 88
15 24
83 29
77 10
4 40
93 9
67 11
97 98
61 60
2 8
84 92
15 10
27 30
96 79
90 47
34 66
60 67
27 54
16 13
76 87
82 32
49 3
68 77
7 19
2 37
49 70
69 30
18 53
40 23
91 32
29 1
4 26
10 17
87 44
50 54
84 38
40 44
47 52
18 27
58 86
37 94
69 19
47 38
74 44
8 98
20 9
46 92
64 35
23 63
82 70
22 23
80 82
1 38
76 7
56 18
84 40
84 33
37 26
26 51
62 85
100 83
46 52
58 81
89 46
29 23
16 72
32 19
67 90
49 53
16 17
89 60
77 46
3 67
48 40
98 24
29 51
35 29
90 95
45 39
3 52
72 7
5 63
61 87
47 28
56 47
56 24
87 86
88 29
60 3
35 59
3 12
45 20
99 72
1 19
2 87
84 52
50 10
56 100
90 63
39 32
13 44
50 88
66 38
82 7
36 65
2 53
50 4
58 33
69 45
69 100
80 70
41 33
44 22
26 28
3 64
87 43
35 44
88 75
74 45
60 10
68 14
49 52
36 52
8 68
87 28
69 90
97 92
89 100
84 36
22 28
99 89
84 29
80 15
35 14
18 31
99 86
61 100
22 14
48 14
71 93
30 70
19 38
14 20
16 94
83 47
94 66
50 24
42 17
99 75
16 81
29 44
61 70
70 92
78 95
80 43
37 61
16 44
34 20
14 32
81 83
81 70
47 9
90 86
68 29
9 43
35 39
25 57
36 38
76 23
81 17
50 96
27 66
18 14
2 20
40 34
74 2
68 41
64 56
94 44
42 18
96 47
72 5
37 30
56 57
8 3
48 44
98 27
3 66
73 88
89 1
10 28
10 46
77 57
80 78
2 29
2 32
76 47
73 85
32 63
2 44
84 6
2 78
21 73
57 65
72 75
78 56
64 41
97 1
18 59
23 95
97 53
98 64
4 88
3 11
3 6
74 97
84 47
87 26
98 57
71 23
72 38
15 40
99 77
71 4
2 82
67 30
21 15
74 14
74 80
69 53
26 53
65 28
20 41
67 35
97 58
97 75
62 56
68 44
56 7
17 51
58 35
2 63
76 60
29 86
73 6
64 75
67 12
96 70
69 80
69 14
83 17
94 52
32 92
58 71
97 38
87 23
35 82
56 54
35 53
85 52
55 57
39 52
67 38
49 23
2 84
78 57
81 7
64 9
99 65
73 35
34 44
18 83
14 1
67 93
56 32
55 43
7 95
4 29
90 33
13 63
13 55
56 93
4 82
26 92
98 22
74 19
61 22
75 95
66 75
25 12
49 7
45 40
42 63
42 26
6 33
4 78
61 96
72 9
6 86
69 95
61 41
49 26
56 52
8 9
2 80
57 92
72 51
4 28
66 86
37 33
89 97
50 78
18 12
45 55
84 30
16 83
97 18
13 70
35 90
57 95
99 17
87 1
87 83
59 1
66 14
64 51
67 33
72 62
5 47
84 31
37 99
21 14
98 33
97 4
57 1
16 63
69 35
33 28
94 54
34 93
3 31
2 15
25 44
91 90
98 73
8 67
87 41
21 44
64 33
80 41
79 12
62 39
16 91
67 27
82 12
73 63
74 92
87 77
21 100
97 87
8 91
80 47
35 56
46 63
100 23
97 46
18 47
55 1
60 73
73 20
71 32
67 39
87 67
55 51
71 10
61 42
88 82
88 41
10 39
42 85
50 29
62 24
5 57
64 40
20 51
49 31
50 6
98 70
12 9
6 24
66 51
16 19
60 1
16 12
50 39
15 75
84 86
87 94
73 81
87 22
24 86
49 96
69 62
62 82
3 54
87 31
77 53
77 43
78 55
68 52
29 20
23 92
99 79
74 1
40 81
67 79
87 88
76 31
87 29
65 54
3 21
91 53
50 51
4 56
50 44
16 62
44 28
40 53
99 13
58 31
47 92
57 31
89 52
20 11
48 35
44 36
80 75
98 53
35 96
71 27
73 66
60 35
99 97
30 19
16 50
76 4
89 49
100 95
87 79
8 57
37 34
69 56
89 82
8 31
49 17
97 19
71 42
34 70
32 54
39 33
29 54
91 14
89 81
87 68
40 70
62 66
34 59
66 39
83 65
15 92
88 38
73 56
83 59
27 39
3 46
27 53
10 63
59 46
69 93
27 46
91 54
62 100
74 11
61 53
15 54
87 6
16 28
61 21
91 20
21 24
74 81
21 96
15 93
5 28
98 17
4 70
3 95
3 32
96 46
81 31
80 9
68 90
45 92
74 38
4 7
59 38
44 70
40 12
17 1
2 7
72 82
98 41
13 39
60 25
98 34
94 57
21 33
61 71
67 18
34 88
2 5
60 68
42 91
49 41
89 83
40 25
82 63
3 44
96 66
77 14
74 27
13 86
71 43
48 5
89 55
72 14
17 92
73 93
73 11
69 51
81 9
87 35
89 11
64 31
61 64
80 54
16 51
37 49
83 36
55 86
76 49
89 77
100 31
83 32
22 33
69 21
76 83
3 94
95 38
37 27
86 43
8 39
15 78
16 77
60 12
97 43
33 43
75 39
68 94
84 14
8 58
42 65
51 54
76 92
32 95
37 100
69 20
45 32
77 94
34 9
12 23
68 85
6 1
83 19
80 77
51 31
79 56
83 85
5 7
78 52
84 18
1 53
10 44
18 93
26 27
62 33
32 33
66 95
55 32
40 93
73 96
21 55
5 26
71 78
55 44
76 9
96 65
74 59
60 27
29 28
65 52
22 52
19 92
31 92
22 92
77 44
62 45
72 41
93 6
2 79
49 44
53 41
80 53
77 42
89 63
88 53
80 90
84 17
25 75
26 44
77 93
55 41
14 36
81 65
83 6
35 83
72 86
48 46
1 41
61 33
42 44
4 90
55 66
40 19
72 33
13 36
60 98
7 53
25 29
64 7
82 47
99 50
87 51
78 86
34 33
25 31
80 32
25 83
85 28
81 54
99 9
26 56
74 16
17 11
62 14
10 36
96 92
82 54
17 7
81 82
42 59
98 14
71 33
29 75
14 7
45 51
51 11
4 83
89 47
3 41
74 21
24 51
6 20
91 12
2 4
4 31
62 88
68 57
78 30
67 24
5 94
6 38
95 47
99 30
26 32
72 32
62 83
71 95
73 10
39 20
99 33
69 57
88 70
49 45
16 92
46 47
51 19
35 45
38 63
53 43
90 82
83 24
89 95
49 43
67 25
23 53
1 20
94 25
61 86
61 54
98 77
68 23
49 9
57 30
74 57
37 98
82 27
69 43
26 75
60 70
64 18
99 16
76 34
75 51
4 54
59 11
37 52
35 7
87 84
72 70
81 75
49 13
93 95
64 23
71 51
77 17
2 47
78 39
69 29
6 36
29 31
93 23
73 32
32 9
66 9
85 86
89 40
84 45
6 44
40 94
99 68
61 25
48 75
2 73
42 90
99 55
2 26
64 78
69 16
98 67
35 33
72 71
31 11
98 47
37 76
97 28
95 86
93 44
60 4
61 94
39 54
79 28
73 45
82 31
50 26
69 65
90 34
76 25
50 60
86 63
58 41
77 18
76 67
6 95
45 42
50 30
34 39
94 17
5 79
